0.000000	102.300000	0.000000	-636.500000	-629.125000
0.106407	106.800000	0.375000	-636.125000	-628.750000
0.216047	113.100000	1.125000	-635.375000	-628.000000
0.325493	118.500000	1.750000	-634.750000	-627.375000
0.436082	123.600000	2.375000	-634.125000	-626.750000
0.533474	129.000000	3.000000	-633.500000	-626.125000
0.646040	134.400000	3.625000	-632.875000	-625.500000
0.752867	140.100000	4.375000	-632.125000	-624.750000
0.856725	146.100000	5.000000	-631.500000	-624.125000
0.956677	151.800000	5.625000	-630.875000	-623.500000
1.062197	156.600000	6.187500	-630.250000	-623.000000
1.169837	162.300000	7.000000	-629.500000	-622.125000
1.278540	168.600000	7.562500	-628.875000	-621.625000
1.373918	174.600000	8.250000	-628.250000	-620.875000
1.485294	179.400000	8.812500	-627.625000	-620.375000
1.587862	185.100000	9.562500	-626.875000	-619.625000
1.689699	191.100000	10.250000	-626.250000	-618.875000
1.795247	197.100000	10.937500	-625.500000	-618.250000
1.897514	202.800000	11.500000	-625.000000	-617.625000
1.991703	207.900000	12.125000	-624.375000	-617.000000
2.086971	213.900000	12.812500	-623.625000	-616.375000
2.187920	219.000000	13.375000	-623.125000	-615.750000
2.298700	225.000000	14.062500	-622.375000	-615.125000
2.394746	231.600000	14.687500	-621.750000	-614.500000
2.493402	236.400000	15.437500	-621.125000	-613.625000
2.590966	242.100000	16.000000	-620.500000	-613.125000
2.699640	247.500000	16.562500	-619.875000	-612.625000
2.797655	254.100000	17.187500	-619.250000	-612.000000
2.894539	258.900000	17.875000	-618.625000	-611.250000
3.000848	263.700000	18.437500	-618.000000	-610.750000
3.105203	270.000000	19.062500	-617.375000	-610.125000
3.125558	271.800000	19.312500	-617.125000	-609.875000
3.170436	275.100000	19.625000	-616.875000	-609.500000
3.302990	269.400000	19.562500	-616.875000	-609.625000
3.408396	259.500000	19.437500	-617.000000	-609.750000
3.520902	249.900000	19.187500	-617.250000	-610.000000
3.616338	239.700000	18.937500	-617.500000	-610.250000
3.731541	227.700000	18.562500	-617.875000	-610.625000
3.835119	216.600000	18.312500	-618.125000	-610.875000
3.939984	206.400000	18.187500	-618.250000	-611.000000
4.049449	195.600000	17.812500	-618.625000	-611.375000
4.155784	184.500000	17.562500	-618.875000	-611.625000
4.266663	171.600000	17.187500	-619.250000	-612.000000
4.354954	162.300000	16.875000	-619.500000	-612.375000
4.374091	160.800000	16.937500	-619.500000	-612.250000
4.500903	166.800000	17.000000	-619.375000	-612.250000
4.609489	178.800000	17.375000	-619.000000	-611.875000
4.706511	188.400000	17.562500	-618.875000	-611.625000
4.809826	198.300000	17.812500	-618.625000	-611.375000
4.905868	209.400000	18.125000	-618.375000	-611.000000
5.015819	219.300000	18.312500	-618.125000	-610.875000
5.117116	231.000000	18.625000	-617.750000	-610.625000
5.222343	242.100000	19.000000	-617.500000	-610.125000
5.328593	252.000000	19.187500	-617.250000	-610.000000
5.440053	263.100000	19.562500	-616.875000	-609.625000
5.538979	272.400000	19.812500	-616.625000	-609.375000
5.634921	280.800000	20.250000	-616.250000	-608.875000
5.738597	286.500000	20.812500	-615.625000	-608.375000
5.832470	292.200000	21.437500	-615.000000	-607.750000
5.930385	297.300000	22.125000	-614.375000	-607.000000
6.026317	303.000000	22.687500	-613.750000	-606.500000
6.139128	308.700000	23.437500	-613.000000	-605.750000
6.242397	314.400000	24.000000	-612.500000	-605.125000
6.355020	319.200000	24.562500	-611.875000	-604.625000
6.451830	325.200000	25.062500	-611.375000	-604.125000
6.557973	330.300000	25.750000	-610.750000	-603.375000
6.657690	336.300000	26.437500	-610.000000	-602.750000
6.755817	342.300000	26.937500	-609.500000	-602.250000
6.843481	347.100000	27.562500	-608.875000	-601.625000
6.861599	346.500000	27.562500	-608.875000	-601.625000
6.968720	341.100000	27.625000	-608.875000	-601.500000
7.065845	331.500000	27.437500	-609.000000	-601.750000
7.164865	320.100000	27.187500	-609.250000	-602.000000
7.263220	309.600000	26.937500	-609.500000	-602.250000
7.376412	298.500000	26.750000	-609.625000	-602.500000
7.490747	288.300000	26.562500	-609.875000	-602.625000
7.603199	277.200000	26.187500	-610.250000	-603.000000
7.712730	265.200000	25.937500	-610.500000	-603.250000
7.809112	254.400000	25.687500	-610.750000	-603.500000
7.903953	242.400000	25.312500	-611.125000	-603.875000
7.998058	231.900000	25.187500	-611.250000	-604.000000
8.099247	219.900000	24.750000	-611.625000	-604.500000
8.208885	207.300000	24.500000	-611.875000	-604.750000
8.229485	207.900000	24.500000	-611.875000	-604.750000
8.338959	214.200000	24.625000	-611.750000	-604.625000
8.437914	223.800000	24.875000	-611.500000	-604.375000
8.546694	234.600000	25.187500	-611.250000	-604.000000
8.654379	245.100000	25.312500	-611.125000	-603.875000
8.751812	255.300000	25.500000	-610.875000	-603.750000
8.864817	267.000000	25.812500	-610.625000	-603.375000
8.961978	278.100000	26.187500	-610.250000	-603.000000
9.074789	288.600000	26.375000	-610.000000	-602.875000
9.170208	300.000000	26.562500	-609.875000	-602.625000
9.267676	310.500000	26.875000	-609.500000	-602.375000
9.365919	322.200000	27.125000	-609.250000	-602.125000
9.461996	333.300000	27.500000	-608.875000	-601.750000
9.571875	342.900000	27.687500	-608.750000	-601.500000
9.665714	351.300000	28.125000	-608.375000	-601.000000
9.773491	356.400000	28.687500	-607.750000	-600.500000
9.873888	362.700000	29.187500	-607.250000	-600.000000
9.974946	368.400000	29.937500	-606.500000	-599.250000
10.081237	373.500000	30.562500	-605.875000	-598.625000
10.189807	378.600000	31.062500	-605.375000	-598.125000
10.298055	383.700000	31.750000	-604.750000	-597.375000
10.401882	389.400000	32.312500	-604.125000	-596.875000
10.509181	395.400000	33.000000	-603.375000	-596.250000
10.608527	401.100000	33.562500	-602.875000	-595.625000
10.704729	406.500000	34.062500	-602.375000	-595.125000
10.809018	411.300000	34.812500	-601.625000	-594.375000
10.922429	416.400000	35.312500	-601.125000	-593.875000
10.982764	420.900000	35.750000	-600.750000	-593.375000
11.000685	423.000000	35.875000	-600.500000	-593.375000
11.132647	416.100000	36.062500	-600.375000	-593.125000
11.233438	406.500000	35.812500	-600.625000	-593.375000
11.334051	397.200000	35.687500	-600.750000	-593.500000
11.437626	386.100000	35.375000	-601.000000	-593.875000
11.549608	375.900000	35.250000	-601.125000	-594.000000
11.654078	363.900000	34.937500	-601.500000	-594.250000
11.757948	353.100000	34.687500	-601.750000	-594.500000
11.865704	341.400000	34.375000	-602.000000	-594.875000
11.981540	329.700000	34.250000	-602.125000	-595.000000
12.095055	318.900000	34.000000	-602.375000	-595.250000
12.206449	306.000000	33.625000	-602.750000	-595.625000
12.302894	295.200000	33.375000	-603.000000	-595.875000
12.415549	284.100000	33.125000	-603.250000	-596.125000
12.512300	272.700000	32.875000	-603.500000	-596.375000
12.611238	261.300000	32.625000	-603.750000	-596.625000
12.700919	249.900000	32.375000	-604.000000	-596.875000
12.718918	249.600000	32.312500	-604.125000	-596.875000
12.833551	255.300000	32.437500	-604.000000	-596.750000
12.947809	264.900000	32.625000	-603.750000	-596.625000
13.052743	275.100000	32.750000	-603.625000	-596.500000
13.152291	285.300000	33.062500	-603.375000	-596.125000
13.261967	295.800000	33.375000	-603.000000	-595.875000
13.360695	307.200000	33.625000	-602.750000	-595.625000
13.460806	318.000000	33.812500	-602.625000	-595.375000
13.571659	329.100000	34.062500	-602.375000	-595.125000
13.681015	340.200000	34.312500	-602.125000	-594.875000
13.789994	351.300000	34.500000	-601.875000	-594.750000
13.897296	363.300000	34.812500	-601.625000	-594.375000
13.991544	374.700000	35.062500	-601.375000	-594.125000
14.104190	385.500000	35.312500	-601.125000	-593.875000
14.205401	396.000000	35.500000	-600.875000	-593.750000
14.318169	406.200000	35.875000	-600.625000	-593.250000
14.423558	417.300000	36.125000	-600.250000	-593.125000
14.517853	425.400000	36.562500	-599.875000	-592.625000
14.613483	432.000000	37.062500	-599.375000	-592.125000
14.722227	437.400000	37.562500	-598.875000	-591.625000
14.825635	442.800000	38.125000	-598.250000	-591.125000
14.932831	448.500000	38.812500	-597.625000	-590.375000
15.040482	453.300000	39.375000	-597.125000	-589.750000
15.136923	459.000000	39.875000	-596.500000	-589.375000
15.231987	464.700000	40.562500	-595.875000	-588.625000
15.342982	468.600000	41.062500	-595.375000	-588.125000
15.439050	475.500000	41.625000	-594.750000	-587.625000
15.543763	480.300000	42.250000	-594.125000	-587.000000
15.655127	485.100000	42.875000	-593.500000	-586.375000
15.765929	489.900000	43.437500	-593.000000	-585.750000
15.875247	495.000000	43.875000	-592.500000	-585.375000
15.896579	497.100000	44.125000	-592.250000	-585.125000
15.982402	501.600000	44.562500	-591.875000	-584.625000
16.080513	492.300000	44.625000	-591.750000	-584.625000
16.178715	483.600000	44.437500	-592.000000	-584.750000
16.279243	473.700000	44.250000	-592.125000	-585.000000
16.390816	462.000000	44.000000	-592.375000	-585.250000
16.505054	452.100000	43.750000	-592.625000	-585.500000
16.608897	440.700000	43.625000	-592.750000	-585.625000
16.708603	429.900000	43.250000	-593.125000	-586.000000
16.818133	420.000000	43.187500	-593.250000	-586.000000
16.929174	408.300000	43.000000	-593.375000	-586.250000
17.025447	397.800000	42.625000	-593.750000	-586.625000
17.121573	384.300000	42.375000	-594.000000	-586.875000
17.219303	374.100000	42.250000	-594.125000	-587.000000
17.333175	363.300000	42.000000	-594.375000	-587.250000
17.448229	351.600000	41.750000	-594.625000	-587.500000
17.557710	340.500000	41.437500	-595.000000	-587.750000
17.665315	328.500000	41.250000	-595.125000	-588.000000
17.777659	317.700000	40.875000	-595.500000	-588.375000
17.880087	306.900000	40.750000	-595.625000	-588.500000
17.969819	296.400000	40.500000	-595.875000	-588.750000
17.991654	294.900000	40.375000	-596.000000	-588.875000
18.115724	301.200000	40.625000	-595.750000	-588.625000
18.223289	310.500000	40.625000	-595.750000	-588.625000
18.322150	320.400000	40.875000	-595.500000	-588.375000
18.419189	332.400000	41.250000	-595.125000	-588.000000
18.528852	343.200000	41.375000	-595.000000	-587.875000
18.637063	353.400000	41.625000	-594.750000	-587.625000
18.749000	364.800000	41.875000	-594.500000	-587.375000
18.861781	376.200000	42.187500	-594.250000	-587.000000
18.975220	388.500000	42.250000	-594.125000	-587.000000
19.073093	399.000000	42.500000	-593.875000	-586.750000
19.183447	410.400000	42.875000	-593.500000	-586.375000
19.278509	420.900000	43.062500	-593.375000	-586.125000
19.376839	431.700000	43.250000	-593.125000	-586.000000
19.474554	443.700000	43.500000	-592.875000	-585.750000
19.572761	453.600000	43.687500	-592.750000	-585.500000
19.668770	464.700000	44.062500	-592.375000	-585.125000
19.767554	474.600000	44.312500	-592.125000	-584.875000
19.876290	483.900000	44.437500	-592.000000	-584.750000
19.985264	494.700000	44.812500	-591.625000	-584.375000
20.082685	502.200000	45.062500	-591.375000	-584.125000
20.195477	509.100000	45.500000	-590.875000	-583.750000
20.305644	514.800000	46.062500	-590.375000	-583.125000
20.403726	520.500000	46.625000	-589.750000	-582.625000
20.498380	525.900000	47.187500	-589.250000	-582.000000
20.609510	530.100000	47.687500	-588.750000	-581.500000
20.709190	535.800000	48.250000	-588.125000	-581.000000
20.811461	540.300000	48.875000	-587.500000	-580.375000
20.908946	545.700000	49.375000	-587.000000	-579.875000
21.012392	551.400000	50.000000	-586.375000	-579.250000
21.114946	556.500000	50.687500	-585.750000	-578.500000
21.215885	562.200000	51.187500	-585.250000	-578.000000
21.328349	566.100000	51.687500	-584.750000	-577.500000
21.413287	571.800000	52.250000	-584.125000	-577.000000
21.435125	570.000000	52.375000	-584.000000	-576.875000
21.569477	563.400000	52.437500	-584.000000	-576.750000
21.675139	552.900000	52.187500	-584.250000	-577.000000
21.777558	543.300000	52.000000	-584.375000	-577.250000
21.884789	532.800000	51.875000	-584.625000	-577.250000
21.986935	521.100000	51.687500	-584.750000	-577.500000
22.082931	510.300000	51.437500	-585.000000	-577.750000
22.197798	499.200000	51.125000	-585.250000	-578.125000
22.291346	489.000000	51.000000	-585.375000	-578.250000
22.391214	477.600000	50.812500	-585.500000	-578.500000
22.506571	465.300000	50.500000	-585.875000	-578.750000
22.614226	454.500000	50.312500	-586.125000	-578.875000
22.719911	444.300000	50.187500	-586.250000	-579.000000
22.817659	433.500000	49.937500	-586.375000	-579.375000
22.917704	422.700000	49.687500	-586.750000	-579.500000
23.015690	410.100000	49.375000	-587.000000	-579.875000
23.116846	399.900000	49.250000	-587.125000	-580.000000
23.225473	389.100000	48.875000	-587.500000	-580.375000
23.341848	377.700000	48.750000	-587.625000	-580.500000
23.446005	367.500000	48.375000	-588.000000	-580.875000
23.557202	354.900000	48.250000	-588.125000	-581.000000
23.655834	344.400000	48.000000	-588.375000	-581.250000
23.674055	341.700000	48.000000	-588.375000	-581.250000
23.765804	334.200000	47.875000	-588.500000	-581.375000
23.868024	339.300000	47.875000	-588.500000	-581.375000
23.976391	349.200000	48.000000	-588.375000	-581.250000
24.073501	360.900000	48.375000	-588.000000	-580.875000
24.173845	371.100000	48.437500	-588.000000	-580.750000
24.272789	382.200000	48.625000	-587.750000	-580.625000
24.384913	392.700000	48.875000	-587.500000	-580.375000
24.484502	403.200000	49.187500	-587.250000	-580.000000
24.583865	415.500000	49.375000	-587.000000	-579.875000
24.678814	425.700000	49.500000	-586.875000	-579.750000
24.771332	437.700000	49.812500	-586.625000	-579.375000
24.875503	447.900000	50.000000	-586.375000	-579.250000
24.986386	458.100000	50.312500	-586.125000	-578.875000
25.087025	470.400000	50.500000	-585.875000	-578.750000
25.187763	480.300000	50.750000	-585.625000	-578.500000
25.289291	491.100000	50.937500	-585.500000	-578.250000
25.389315	501.900000	51.062500	-585.375000	-578.125000
25.486619	511.800000	51.375000	-585.000000	-577.875000
25.591547	523.200000	51.500000	-585.000000	-577.625000
25.687231	534.000000	51.812500	-584.625000	-577.375000
25.788998	544.500000	52.062500	-584.375000	-577.125000
25.890774	554.100000	52.187500	-584.250000	-577.000000
25.992754	563.100000	52.437500	-584.000000	-576.750000
26.102204	572.400000	52.875000	-583.625000	-576.250000
26.205153	579.300000	53.312500	-583.125000	-575.875000
26.313724	585.000000	53.812500	-582.625000	-575.375000
26.414371	591.000000	54.187500	-582.250000	-575.000000
26.509294	595.200000	54.812500	-581.625000	-574.375000
26.605886	601.200000	55.375000	-581.125000	-573.750000
26.704238	606.300000	56.000000	-580.500000	-573.125000
26.808443	610.500000	56.562500	-579.875000	-572.625000
26.916133	615.900000	57.062500	-579.375000	-572.125000
27.027788	620.700000	57.625000	-578.875000	-571.500000
27.140426	625.800000	58.250000	-578.250000	-570.875000
27.237305	631.500000	58.750000	-577.750000	-570.375000
27.340743	636.300000	59.375000	-577.125000	-569.750000
27.442447	640.800000	59.812500	-576.625000	-569.375000
27.533804	645.900000	60.375000	-576.125000	-568.750000
27.554755	648.600000	60.687500	-575.750000	-568.500000
27.634083	651.600000	61.000000	-575.500000	-568.125000
27.731541	643.200000	61.000000	-575.500000	-568.125000
27.839320	634.200000	60.937500	-575.500000	-568.250000
27.942453	624.300000	60.687500	-575.750000	-568.500000
28.036848	615.000000	60.687500	-575.750000	-568.500000
28.139603	605.100000	60.437500	-576.000000	-568.750000
28.239623	593.700000	60.250000	-576.250000	-568.875000
28.336553	584.400000	60.062500	-576.375000	-569.125000
28.446656	572.400000	59.812500	-576.625000	-569.375000
28.552253	561.900000	59.687500	-576.750000	-569.500000
28.653035	550.500000	59.437500	-577.000000	-569.750000
28.754893	537.600000	59.187500	-577.250000	-570.000000
28.857440	525.900000	58.937500	-577.500000	-570.250000
28.963793	514.800000	58.687500	-577.750000	-570.500000
29.061659	504.000000	58.500000	-577.875000	-570.750000
29.159997	492.900000	58.250000	-578.125000	-571.000000
29.271873	480.000000	58.125000	-578.250000	-571.125000
29.376797	469.200000	57.750000	-578.625000	-571.500000
29.474098	458.400000	57.625000	-578.750000	-571.625000
29.577202	447.300000	57.375000	-579.000000	-571.875000
29.680519	435.900000	57.125000	-579.250000	-572.125000
29.781507	423.600000	56.875000	-579.500000	-572.375000
29.883905	412.800000	56.750000	-579.625000	-572.500000
29.999215	401.400000	56.375000	-580.000000	-572.875000
30.100742	391.200000	56.250000	-580.125000	-573.000000
30.145535	387.600000	56.125000	-580.250000	-573.125000
30.193318	381.000000	55.937500	-580.500000	-573.250000
30.307216	386.400000	56.125000	-580.250000	-573.125000
30.407950	396.300000	56.250000	-580.125000	-573.000000
30.504674	407.400000	56.500000	-579.875000	-572.750000
30.595492	417.000000	56.625000	-579.750000	-572.625000
30.693616	429.900000	56.875000	-579.500000	-572.375000
30.793643	440.400000	57.125000	-579.250000	-572.125000
30.895054	451.200000	57.312500	-579.125000	-571.875000
30.998386	462.600000	57.562500	-578.875000	-571.625000
31.104631	473.700000	57.812500	-578.625000	-571.375000
31.199806	485.700000	58.062500	-578.375000	-571.125000
31.295476	496.500000	58.187500	-578.250000	-571.000000
31.401890	507.600000	58.437500	-578.000000	-570.750000
31.497318	518.100000	58.562500	-577.875000	-570.625000
31.594362	528.300000	58.812500	-577.625000	-570.375000
31.693822	540.300000	59.000000	-577.500000	-570.125000
31.805448	551.100000	59.312500	-577.125000	-569.875000
31.904352	561.000000	59.437500	-577.000000	-569.750000
31.997064	571.800000	59.625000	-576.875000	-569.500000
32.106083	582.000000	59.875000	-576.625000	-569.250000
32.201682	593.100000	60.125000	-576.375000	-569.000000
32.307269	603.000000	60.375000	-576.125000	-568.750000
32.406038	613.500000	60.500000	-576.000000	-568.625000
32.501771	623.400000	60.750000	-575.750000	-568.375000
32.602683	632.400000	61.000000	-575.500000	-568.125000
32.708503	642.000000	61.250000	-575.250000	-567.875000
32.804502	650.400000	61.500000	-575.000000	-567.625000
32.907384	657.000000	61.875000	-574.625000	-567.250000
33.011624	663.000000	62.375000	-574.125000	-566.750000
33.106312	668.400000	62.937500	-573.625000	-566.125000
33.214266	673.200000	63.375000	-573.125000	-565.750000
33.317013	678.600000	63.937500	-572.625000	-565.125000
33.421781	683.700000	64.562500	-572.000000	-564.500000
33.530279	687.600000	65.062500	-571.500000	-564.000000
33.626107	693.300000	65.500000	-571.125000	-563.500000
33.733313	697.500000	66.187500	-570.375000	-562.875000
33.840865	702.600000	66.625000	-570.000000	-562.375000
33.938199	708.000000	67.250000	-569.375000	-561.750000
34.039515	712.500000	67.750000	-568.875000	-561.250000
34.141250	717.000000	68.250000	-568.375000	-560.750000
34.236322	721.800000	68.750000	-567.875000	-560.250000
34.256310	719.700000	68.750000	-567.875000	-560.250000
34.378626	713.400000	68.875000	-567.750000	-560.125000
34.478529	704.400000	68.750000	-567.875000	-560.250000
34.587826	694.500000	68.625000	-568.000000	-560.375000
34.689783	685.800000	68.437500	-568.125000	-560.625000
34.802553	675.000000	68.312500	-568.250000	-560.750000
34.905102	665.700000	68.187500	-568.375000	-560.875000
35.008145	655.800000	68.062500	-568.500000	-561.000000
35.109761	645.900000	67.750000	-568.750000	-561.375000
35.209667	635.400000	67.562500	-569.000000	-561.500000
35.321950	624.900000	67.375000	-569.125000	-561.750000
35.430499	613.500000	67.250000	-569.250000	-561.875000
35.531360	603.000000	67.000000	-569.500000	-562.125000
35.623379	592.200000	66.875000	-569.625000	-562.250000
35.725489	582.000000	66.625000	-569.875000	-562.500000
35.836210	571.200000	66.500000	-570.000000	-562.625000
35.934260	559.500000	66.250000	-570.250000	-562.875000
36.043944	548.400000	65.937500	-570.500000	-563.250000
36.146971	537.600000	65.750000	-570.750000	-563.375000
36.247075	527.400000	65.562500	-570.875000	-563.625000
36.352216	516.300000	65.437500	-571.000000	-563.750000
36.459446	504.300000	65.125000	-571.375000	-564.000000
36.572267	493.500000	64.937500	-571.500000	-564.250000
36.679994	482.100000	64.687500	-571.750000	-564.500000
36.781218	472.200000	64.437500	-572.000000	-564.750000
36.889566	460.500000	64.312500	-572.125000	-564.875000
36.992227	447.600000	64.062500	-572.375000	-565.125000
37.091005	436.200000	63.750000	-572.625000	-565.500000
37.139253	432.300000	63.750000	-572.750000	-565.375000
37.196278	424.800000	63.562500	-572.875000	-565.625000
37.290250	431.400000	63.687500	-572.750000	-565.500000
37.384703	440.700000	63.812500	-572.625000	-565.375000
37.484204	452.100000	64.062500	-572.375000	-565.125000
37.587750	463.200000	64.187500	-572.250000	-565.000000
37.687593	473.400000	64.437500	-572.000000	-564.750000
37.786179	484.200000	64.687500	-571.750000	-564.500000
37.890602	495.300000	64.812500	-571.625000	-564.375000
37.990125	507.300000	65.125000	-571.375000	-564.000000
38.090215	518.700000	65.250000	-571.250000	-563.875000
38.199454	530.400000	65.500000	-571.000000	-563.625000
38.306922	541.200000	65.750000	-570.750000	-563.375000
38.407058	552.300000	65.875000	-570.625000	-563.250000
38.505406	563.700000	66.125000	-570.375000	-563.000000
38.604802	574.500000	66.312500	-570.250000	-562.750000
38.702837	585.300000	66.500000	-570.000000	-562.625000
38.806767	595.800000	66.750000	-569.750000	-562.375000
38.909263	605.700000	66.875000	-569.625000	-562.250000
39.009503	616.500000	67.000000	-569.500000	-562.125000
39.122063	627.000000	67.312500	-569.250000	-561.750000
39.223914	637.200000	67.562500	-569.000000	-561.500000
39.326455	647.100000	67.625000	-568.875000	-561.500000
39.423834	656.700000	67.937500	-568.625000	-561.125000
39.529146	666.300000	68.000000	-568.500000	-561.125000
39.632854	676.800000	68.250000	-568.375000	-560.750000
39.735966	686.100000	68.437500	-568.125000	-560.625000
39.837085	695.400000	68.625000	-568.000000	-560.375000
39.937548	703.800000	68.875000	-567.750000	-560.125000
40.032648	712.200000	69.000000	-567.625000	-560.000000
40.140225	720.300000	69.375000	-567.250000	-559.625000
40.248817	726.600000	69.687500	-567.000000	-559.250000
40.352551	732.900000	70.062500	-566.625000	-558.875000
40.461563	737.400000	70.562500	-566.125000	-558.375000
40.555989	743.100000	71.062500	-565.625000	-557.875000
40.662172	747.600000	71.625000	-565.125000	-557.250000
40.765344	752.100000	72.062500	-564.625000	-556.875000
40.861987	756.900000	72.500000	-564.250000	-556.375000
40.963901	760.800000	73.000000	-563.750000	-555.875000
41.075303	765.000000	73.687500	-563.125000	-555.125000
41.184396	769.800000	74.187500	-562.625000	-554.625000
41.291238	774.300000	74.687500	-562.125000	-554.125000
41.391989	779.100000	75.125000	-561.625000	-553.750000
41.494859	783.000000	75.562500	-561.250000	-553.250000
41.594782	787.200000	76.000000	-560.875000	-552.750000
41.708095	792.600000	76.562500	-560.250000	-552.250000
41.790227	796.800000	77.062500	-559.750000	-551.750000
41.807515	795.900000	77.187500	-559.625000	-551.625000
41.919121	789.600000	77.187500	-559.625000	-551.625000
42.022018	779.700000	77.125000	-559.750000	-551.625000
42.121687	771.300000	77.000000	-559.875000	-551.750000
42.219901	763.500000	76.937500	-559.875000	-551.875000
42.322621	754.500000	76.750000	-560.000000	-552.125000
42.421874	746.400000	76.625000	-560.125000	-552.250000
42.521466	736.200000	76.437500	-560.375000	-552.375000
42.627061	728.100000	76.250000	-560.500000	-552.625000
42.728625	718.800000	76.125000	-560.625000	-552.750000
42.828848	708.900000	75.937500	-560.750000	-553.000000
42.929580	699.000000	75.750000	-561.000000	-553.125000
43.030810	688.200000	75.562500	-561.125000	-553.375000
43.140836	678.300000	75.437500	-561.250000	-553.500000
43.252242	668.700000	75.250000	-561.375000	-553.750000
43.350583	657.900000	75.062500	-561.625000	-553.875000
43.453475	648.000000	74.937500	-561.750000	-554.000000
43.554883	636.000000	74.750000	-561.875000	-554.250000
43.657261	625.800000	74.625000	-562.000000	-554.375000
43.756107	615.600000	74.375000	-562.250000	-554.625000
43.854597	604.200000	74.125000	-562.500000	-554.875000
43.961906	594.300000	73.875000	-562.750000	-555.125000
44.063738	582.300000	73.687500	-562.875000	-555.375000
44.161517	571.200000	73.500000	-563.125000	-555.500000
44.261317	561.000000	73.312500	-563.250000	-555.750000
44.364620	549.900000	73.062500	-563.500000	-556.000000
44.465450	540.000000	72.875000	-563.750000	-556.125000
44.571619	528.600000	72.750000	-563.875000	-556.250000
44.665255	517.800000	72.437500	-564.125000	-556.625000
44.777683	507.300000	72.250000	-564.375000	-556.750000
44.880382	496.200000	72.000000	-564.625000	-557.000000
44.979552	486.300000	71.875000	-564.750000	-557.125000
45.071195	476.100000	71.687500	-564.875000	-557.375000
45.091071	475.500000	71.562500	-565.000000	-557.500000
45.227424	481.200000	71.687500	-564.875000	-557.375000
45.326131	490.800000	71.937500	-564.625000	-557.125000
45.424594	501.300000	72.062500	-564.500000	-557.000000
45.528512	511.800000	72.250000	-564.375000	-556.750000
45.631333	522.600000	72.437500	-564.125000	-556.625000
45.737138	534.000000	72.750000	-563.875000	-556.250000
45.840999	544.500000	72.875000	-563.750000	-556.125000
45.945516	555.900000	73.000000	-563.625000	-556.000000
46.049672	566.700000	73.312500	-563.250000	-555.750000
46.148504	577.500000	73.375000	-563.250000	-555.625000
46.245086	589.500000	73.625000	-563.000000	-555.375000
46.344292	600.000000	73.812500	-562.875000	-555.125000
46.455211	610.800000	74.000000	-562.625000	-555.000000
46.550997	620.700000	74.250000	-562.375000	-554.750000
46.654839	631.200000	74.437500	-562.250000	-554.500000
46.755947	642.900000	74.625000	-562.125000	-554.250000
46.854463	652.500000	74.812500	-561.875000	-554.125000
46.961863	662.400000	74.937500	-561.750000	-554.000000
47.069355	672.000000	75.187500	-561.500000	-553.750000
47.179424	681.300000	75.312500	-561.375000	-553.625000
47.278407	691.800000	75.500000	-561.250000	-553.375000
47.388818	700.800000	75.750000	-561.000000	-553.125000
47.498679	709.800000	75.812500	-560.875000	-553.125000
47.606543	719.100000	76.000000	-560.750000	-552.875000
47.710208	727.500000	76.062500	-560.750000	-552.750000
47.814032	737.100000	76.250000	-560.500000	-552.625000
47.915275	745.800000	76.437500	-560.375000	-552.375000
48.020478	754.800000	76.687500	-560.125000	-552.125000
48.120115	762.900000	76.875000	-560.000000	-551.875000
48.214856	771.000000	76.937500	-559.875000	-551.875000
48.309556	779.700000	77.187500	-559.625000	-551.625000
48.415953	787.200000	77.500000	-559.375000	-551.250000
48.521176	794.100000	77.750000	-559.125000	-551.000000
48.623450	800.400000	78.062500	-558.875000	-550.625000
48.726715	806.100000	78.312500	-558.625000	-550.375000
48.832946	811.800000	78.750000	-558.125000	-550.000000
48.938587	816.300000	79.312500	-557.625000	-549.375000
49.042895	820.500000	79.687500	-557.250000	-549.000000
49.142460	825.300000	80.187500	-556.750000	-548.500000
49.244734	829.500000	80.687500	-556.250000	-548.000000
49.347528	834.600000	81.187500	-555.750000	-547.500000
49.445391	838.500000	81.687500	-555.250000	-547.000000
49.554482	841.800000	82.250000	-554.750000	-546.375000
49.658439	846.000000	82.625000	-554.375000	-546.000000
49.763637	850.800000	83.062500	-554.000000	-545.500000
49.874073	855.000000	83.562500	-553.500000	-545.000000
49.982141	858.600000	84.062500	-553.000000	-544.500000
50.087214	862.200000	84.500000	-552.625000	-544.000000
50.201622	866.400000	85.000000	-552.125000	-543.500000
50.300213	870.600000	85.375000	-551.750000	-543.125000
50.319085	869.400000	85.437500	-551.625000	-543.125000
50.448877	862.800000	85.500000	-551.625000	-543.000000
50.560506	855.300000	85.437500	-551.625000	-543.125000
50.661953	847.200000	85.312500	-551.750000	-543.250000
50.770821	839.700000	85.312500	-551.750000	-543.250000
50.883180	831.000000	85.125000	-552.000000	-543.375000
50.996142	823.200000	85.062500	-552.000000	-543.500000
51.102027	815.100000	84.937500	-552.125000	-543.625000
51.205801	807.600000	84.750000	-552.250000	-543.875000
51.312390	799.500000	84.562500	-552.500000	-544.000000
51.417713	789.600000	84.500000	-552.500000	-544.125000
51.521450	781.200000	84.375000	-552.625000	-544.250000
51.625233	772.200000	84.125000	-552.875000	-544.500000
51.728645	763.200000	84.000000	-553.000000	-544.625000
51.829739	754.200000	83.812500	-553.125000	-544.875000
51.933733	744.000000	83.687500	-553.250000	-545.000000
52.040286	734.700000	83.500000	-553.375000	-545.250000
52.151238	726.300000	83.437500	-553.500000	-545.250000
52.255162	716.400000	83.250000	-553.625000	-545.500000
52.367139	707.100000	83.125000	-553.750000	-545.625000
52.477928	696.600000	82.875000	-554.000000	-545.875000
52.578400	687.300000	82.750000	-554.125000	-546.000000
52.683435	678.900000	82.625000	-554.250000	-546.125000
52.790362	667.800000	82.375000	-554.500000	-546.375000
52.899550	657.600000	82.312500	-554.500000	-546.500000
53.005275	646.500000	82.062500	-554.750000	-546.750000
53.103951	636.600000	81.937500	-554.875000	-546.875000
53.212786	627.300000	81.625000	-555.125000	-547.250000
53.322111	616.200000	81.562500	-555.250000	-547.250000
53.422013	605.700000	81.312500	-555.500000	-547.500000
53.531505	594.300000	81.187500	-555.625000	-547.625000
53.630919	584.100000	80.875000	-555.875000	-548.000000
53.723627	574.800000	80.687500	-556.125000	-548.125000
53.829054	563.400000	80.437500	-556.375000	-548.375000
53.935106	553.200000	80.375000	-556.375000	-548.500000
54.041084	541.500000	80.125000	-556.625000	-548.750000
54.137650	531.300000	79.937500	-556.875000	-548.875000
54.223454	521.700000	79.750000	-557.000000	-549.125000
54.243209	520.500000	79.625000	-557.125000	-549.250000
54.380158	526.800000	79.750000	-557.000000	-549.125000
54.480880	537.300000	80.000000	-556.750000	-548.875000
54.589343	548.400000	80.125000	-556.625000	-548.750000
54.691083	558.900000	80.250000	-556.500000	-548.625000
54.797261	569.400000	80.437500	-556.375000	-548.375000
54.899466	579.300000	80.687500	-556.125000	-548.125000
54.995223	589.500000	80.875000	-555.875000	-548.000000
55.098350	601.500000	81.062500	-555.750000	-547.750000
55.196507	611.400000	81.187500	-555.625000	-547.625000
55.307292	622.500000	81.312500	-555.500000	-547.500000
55.417132	632.100000	81.625000	-555.125000	-547.250000
55.517876	642.000000	81.812500	-555.000000	-547.000000
55.620904	653.400000	82.000000	-554.875000	-546.750000
55.724706	663.300000	82.062500	-554.750000	-546.750000
55.830606	673.800000	82.250000	-554.500000	-546.625000
55.930510	683.400000	82.500000	-554.375000	-546.250000
56.039593	693.000000	82.562500	-554.250000	-546.250000
56.147274	703.200000	82.750000	-554.125000	-546.000000
56.247504	712.800000	83.000000	-553.875000	-545.750000
56.354239	722.100000	83.187500	-553.750000	-545.500000
56.449301	731.100000	83.312500	-553.625000	-545.375000
56.556453	739.500000	83.437500	-553.500000	-545.250000
56.654202	749.700000	83.625000	-553.375000	-545.000000
56.763851	758.100000	83.812500	-553.125000	-544.875000
56.870425	766.800000	83.875000	-553.125000	-544.750000
56.979720	776.700000	84.125000	-552.875000	-544.500000
57.088549	784.500000	84.187500	-552.875000	-544.375000
57.191835	793.800000	84.312500	-552.750000	-544.250000
57.294253	801.900000	84.500000	-552.500000	-544.125000
57.390760	810.000000	84.625000	-552.500000	-543.875000
57.492366	817.800000	84.812500	-552.250000	-543.750000
57.595210	825.300000	84.937500	-552.125000	-543.625000
57.696294	833.700000	85.062500	-552.000000	-543.500000
57.800492	840.900000	85.312500	-551.875000	-543.125000
57.907915	848.700000	85.375000	-551.750000	-543.125000
58.009475	855.300000	85.562500	-551.625000	-542.875000
58.118019	861.900000	85.812500	-551.375000	-542.625000
58.225592	867.600000	86.000000	-551.125000	-542.500000
58.330030	873.300000	86.312500	-550.875000	-542.125000
58.427990	877.800000	86.625000	-550.625000	-541.750000
58.529552	882.000000	86.875000	-550.375000	-541.500000
58.639151	884.700000	87.125000	-550.125000	-541.250000
58.746639	888.000000	87.500000	-549.750000	-540.875000
58.855744	891.300000	87.812500	-549.500000	-540.500000
58.962875	894.300000	88.187500	-549.125000	-540.125000
59.069276	897.600000	88.500000	-548.875000	-539.750000
59.177655	900.300000	88.937500	-548.375000	-539.375000
59.286652	903.900000	89.187500	-548.125000	-539.125000
59.381039	906.900000	89.500000	-547.875000	-538.750000
59.479466	909.600000	89.875000	-547.500000	-538.375000
59.588715	912.300000	90.125000	-547.250000	-538.125000
59.681840	915.300000	90.562500	-546.875000	-537.625000
59.787073	918.000000	90.812500	-546.625000	-537.375000
59.891555	920.100000	91.187500	-546.250000	-537.000000
59.994936	923.100000	91.437500	-546.000000	-536.750000
60.091444	926.100000	91.750000	-545.750000	-536.375000
60.196654	928.800000	92.125000	-545.375000	-536.000000
60.303257	930.300000	92.375000	-545.125000	-535.750000
60.407838	933.000000	92.625000	-544.875000	-535.500000
60.508784	935.400000	92.875000	-544.625000	-535.250000
60.616125	937.500000	93.187500	-544.375000	-534.875000
60.728425	939.000000	93.562500	-544.000000	-534.500000
60.748371	938.400000	93.437500	-544.125000	-534.625000
60.871259	933.600000	93.562500	-544.000000	-534.500000
60.978865	927.600000	93.500000	-544.125000	-534.500000
61.088458	921.900000	93.437500	-544.125000	-534.625000
61.198912	917.100000	93.437500	-544.125000	-534.625000
61.302391	913.200000	93.312500	-544.250000	-534.750000
61.403360	909.000000	93.250000	-544.250000	-534.875000
61.510653	903.600000	93.312500	-544.250000	-534.750000
61.614384	899.100000	93.187500	-544.375000	-534.875000
61.721541	894.600000	93.000000	-544.500000	-535.125000
61.823236	889.800000	93.000000	-544.500000	-535.125000
61.921667	885.600000	92.875000	-544.625000	-535.250000
62.023053	881.100000	92.875000	-544.625000	-535.250000
62.130929	876.900000	92.875000	-544.625000	-535.250000
62.230820	872.100000	92.750000	-544.750000	-535.375000
62.332555	867.300000	92.750000	-544.625000	-535.500000
62.430263	862.200000	92.687500	-544.750000	-535.500000
62.534380	855.900000	92.437500	-545.000000	-535.750000
62.636011	849.600000	92.375000	-545.000000	-535.875000
62.735766	842.700000	92.250000	-545.125000	-536.000000
62.834493	833.400000	92.125000	-545.250000	-536.125000
62.938883	825.600000	92.062500	-545.250000	-536.250000
63.046894	817.200000	91.937500	-545.375000	-536.375000
63.152268	809.400000	91.750000	-545.500000	-536.625000
63.255177	800.700000	91.562500	-545.750000	-536.750000
63.364523	791.100000	91.625000	-545.625000	-536.750000
63.467260	782.700000	91.375000	-545.875000	-537.000000
63.571743	773.700000	91.187500	-546.000000	-537.250000
63.684737	765.300000	91.062500	-546.125000	-537.375000
63.783584	756.900000	90.937500	-546.250000	-537.500000
63.886934	747.000000	90.750000	-546.375000	-537.750000
63.994624	737.700000	90.687500	-546.500000	-537.750000
64.095981	729.000000	90.500000	-546.625000	-538.000000
64.199733	720.300000	90.250000	-546.875000	-538.250000
64.309848	711.900000	90.250000	-546.875000	-538.250000
64.411703	701.400000	90.000000	-547.125000	-538.500000
64.511845	692.700000	89.875000	-547.125000	-538.750000
64.610424	683.400000	89.687500	-547.375000	-538.875000
64.716340	674.700000	89.500000	-547.500000	-539.125000
64.818127	664.800000	89.312500	-547.750000	-539.250000
64.920575	654.000000	89.125000	-547.875000	-539.500000
65.033154	643.800000	89.000000	-548.000000	-539.625000
65.141493	634.500000	88.875000	-548.125000	-539.750000
65.237329	624.300000	88.562500	-548.375000	-540.125000
65.340226	615.000000	88.437500	-548.500000	-540.250000
65.439041	603.600000	88.312500	-548.625000	-540.375000
65.540482	593.400000	88.062500	-548.875000	-540.625000
65.634940	584.100000	87.812500	-549.125000	-540.875000
65.746247	573.300000	87.750000	-549.125000	-541.000000
65.842962	562.800000	87.562500	-549.375000	-541.125000
65.863983	563.100000	87.500000	-549.500000	-541.125000
65.990107	569.100000	87.562500	-549.375000	-541.125000
66.100317	579.000000	87.687500	-549.250000	-541.000000
66.203329	588.300000	87.812500	-549.125000	-540.875000
66.310856	597.900000	88.062500	-548.875000	-540.625000
66.419285	609.300000	88.187500	-548.750000	-540.500000
66.515155	619.200000	88.312500	-548.625000	-540.375000
66.609583	629.400000	88.625000	-548.375000	-540.000000
66.705620	639.300000	88.687500	-548.250000	-540.000000
66.813397	649.800000	88.875000	-548.125000	-539.750000
66.909581	661.200000	89.125000	-547.875000	-539.500000
67.021052	671.700000	89.250000	-547.750000	-539.375000
67.126088	681.600000	89.437500	-547.625000	-539.125000
67.233079	692.400000	89.562500	-547.500000	-539.000000
67.337696	701.400000	89.750000	-547.250000	-538.875000
67.445455	712.200000	89.937500	-547.125000	-538.625000
67.546016	721.500000	90.062500	-547.000000	-538.500000
67.651697	730.800000	90.187500	-546.875000	-538.375000
67.752642	739.800000	90.312500	-546.750000	-538.250000
67.864071	748.200000	90.500000	-546.625000	-538.000000
67.975062	758.100000	90.750000	-546.375000	-537.750000
68.083190	766.800000	90.750000	-546.375000	-537.750000
68.182758	775.800000	90.937500	-546.250000	-537.500000
68.294504	783.900000	91.062500	-546.125000	-537.375000
68.406989	792.600000	91.312500	-545.875000	-537.125000
68.509933	802.500000	91.500000	-545.750000	-536.875000
68.620131	810.300000	91.562500	-545.625000	-536.875000
68.712407	818.100000	91.625000	-545.625000	-536.750000
68.814636	826.800000	91.750000	-545.500000	-536.625000
68.918308	834.300000	91.875000	-545.375000	-536.500000
69.023877	843.000000	92.187500	-545.125000	-536.125000
69.121727	850.500000	92.250000	-545.000000	-536.125000
69.226746	858.000000	92.437500	-544.875000	-535.875000
69.330682	864.900000	92.437500	-544.875000	-535.875000
69.432198	870.900000	92.562500	-544.750000	-535.750000
69.532148	876.300000	92.687500	-544.625000	-535.625000
69.635661	880.800000	92.875000	-544.500000	-535.375000
69.740118	885.300000	92.937500	-544.500000	-535.250000
69.849427	889.800000	92.875000	-544.500000	-535.375000
69.963648	894.600000	93.062500	-544.375000	-535.125000
70.071406	899.400000	93.187500	-544.250000	-535.000000
70.181835	903.600000	93.187500	-544.250000	-535.000000
70.287811	908.100000	93.312500	-544.125000	-534.875000
70.395828	912.600000	93.375000	-544.125000	-534.750000
70.497559	916.200000	93.437500	-544.125000	-534.625000
70.592934	920.700000	93.625000	-543.875000	-534.500000
70.691682	924.900000	93.812500	-543.750000	-534.250000
70.791551	927.900000	93.750000	-543.875000	-534.250000
70.891215	931.200000	93.875000	-543.750000	-534.125000
70.998932	933.600000	94.000000	-543.625000	-534.000000
71.099611	936.300000	94.000000	-543.625000	-534.000000
71.207930	939.600000	94.312500	-543.375000	-533.625000
71.314890	942.300000	94.375000	-543.250000	-533.625000
71.414456	945.300000	94.500000	-543.125000	-533.500000
71.520608	947.700000	94.750000	-543.000000	-533.125000
71.619486	949.800000	94.937500	-542.750000	-533.000000
71.718784	952.500000	95.125000	-542.625000	-532.750000
71.814970	954.300000	95.187500	-542.625000	-532.625000
71.927175	957.000000	95.437500	-542.375000	-532.375000
72.032138	959.400000	95.625000	-542.125000	-532.250000
72.137336	961.500000	95.937500	-541.875000	-531.875000
72.243403	963.600000	96.125000	-541.750000	-531.625000
72.341671	966.300000	96.437500	-541.375000	-531.375000
72.437295	968.400000	96.750000	-541.125000	-531.000000
72.535791	970.800000	96.937500	-541.000000	-530.750000
72.647551	972.300000	97.062500	-540.875000	-530.625000
72.747317	975.000000	97.312500	-540.625000	-530.375000
72.854033	977.100000	97.687500	-540.250000	-530.000000
72.956359	978.900000	97.937500	-540.000000	-529.750000
73.068906	980.700000	98.125000	-539.875000	-529.500000
73.179265	982.500000	98.375000	-539.625000	-529.250000
73.287103	984.900000	98.750000	-539.250000	-528.875000
73.399319	987.000000	98.937500	-539.125000	-528.625000
73.497087	989.700000	99.062500	-539.000000	-528.500000
73.603061	991.200000	99.437500	-538.625000	-528.125000
73.708097	993.000000	99.562500	-538.500000	-528.000000
73.810984	995.700000	99.812500	-538.250000	-527.750000
73.914162	997.800000	100.000000	-538.125000	-527.500000
74.007411	1000.200000	100.250000	-537.875000	-527.250000
74.111893	1001.400000	100.500000	-537.625000	-527.000000
74.219178	1003.500000	100.812500	-537.375000	-526.625000
74.332656	1005.300000	101.062500	-537.125000	-526.375000
74.446013	1007.100000	101.187500	-537.000000	-526.250000
74.543097	1009.200000	101.437500	-536.750000	-526.000000
74.648093	1011.000000	101.625000	-536.625000	-525.750000
74.664731	1012.200000	101.750000	-536.500000	-525.625000
74.748680	1013.100000	101.875000	-536.375000	-525.500000
74.851553	1007.400000	101.937500	-536.250000	-525.500000
74.947787	999.300000	101.812500	-536.500000	-525.500000
75.052535	994.500000	101.875000	-536.375000	-525.500000
75.148562	989.700000	101.812500	-536.500000	-525.500000
75.252963	984.900000	101.750000	-536.500000	-525.625000
75.352520	980.700000	101.625000	-536.625000	-525.750000
75.450827	976.500000	101.625000	-536.625000	-525.750000
75.556107	972.900000	101.562500	-536.625000	-525.875000
75.659968	969.300000	101.437500	-536.750000	-526.000000
75.770574	965.400000	101.500000	-536.750000	-525.875000
75.874249	961.800000	101.312500	-536.875000	-526.125000
75.980784	958.500000	101.375000	-536.875000	-526.000000
76.076835	954.600000	101.250000	-536.875000	-526.250000
76.181827	951.300000	101.312500	-536.875000	-526.125000
76.295758	947.700000	101.187500	-537.000000	-526.250000
76.397040	944.400000	101.187500	-537.000000	-526.250000
76.501518	941.100000	101.125000	-537.000000	-526.375000
76.602189	938.400000	101.125000	-537.000000	-526.375000
76.709743	935.100000	101.000000	-537.125000	-526.500000
76.814962	931.800000	101.000000	-537.125000	-526.500000
76.920600	928.800000	100.812500	-537.250000	-526.750000
77.025817	925.500000	100.812500	-537.250000	-526.750000
77.130330	922.800000	100.812500	-537.250000	-526.750000
77.224536	919.800000	100.687500	-537.375000	-526.875000
77.318856	916.500000	100.687500	-537.375000	-526.875000
77.430569	913.800000	100.687500	-537.375000	-526.875000
77.532186	910.500000	100.750000	-537.250000	-526.875000
77.640770	907.200000	100.562500	-537.375000	-527.125000
77.747298	904.800000	100.562500	-537.375000	-527.125000
77.850958	900.900000	100.562500	-537.375000	-527.125000
77.952493	898.200000	100.437500	-537.500000	-527.250000
78.059489	894.600000	100.500000	-537.375000	-527.250000
78.164792	890.100000	100.375000	-537.500000	-527.375000
78.277674	886.800000	100.375000	-537.500000	-527.375000
78.387836	881.700000	100.187500	-537.625000	-527.625000
78.484494	877.200000	100.125000	-537.625000	-527.750000
78.580316	873.300000	100.187500	-537.625000	-527.625000
78.680722	868.800000	100.062500	-537.750000	-527.750000
78.790309	864.600000	99.875000	-537.875000	-528.000000
78.904795	859.500000	99.875000	-537.875000	-528.000000
79.010800	855.600000	99.875000	-537.875000	-528.000000
79.107150	850.800000	99.687500	-538.000000	-528.250000
79.212554	846.000000	99.687500	-538.000000	-528.250000
79.321234	840.600000	99.562500	-538.125000	-528.375000
79.424070	834.900000	99.500000	-538.125000	-528.500000
79.530214	827.100000	99.375000	-538.250000	-528.625000
79.638282	820.500000	99.250000	-538.375000	-528.750000
79.750277	813.600000	99.125000	-538.375000	-529.000000
79.853250	806.700000	99.062500	-538.500000	-529.000000
79.960358	799.500000	99.000000	-538.500000	-529.125000
80.061382	790.800000	98.875000	-538.625000	-529.250000
80.163688	783.600000	98.625000	-538.875000	-529.500000
80.272121	774.900000	98.500000	-539.000000	-529.625000
80.376800	766.500000	98.437500	-539.000000	-529.750000
80.480590	758.400000	98.312500	-539.125000	-529.875000
80.575171	748.500000	98.125000	-539.250000	-530.125000
80.684824	740.400000	97.937500	-539.375000	-530.375000
80.782174	731.700000	97.875000	-539.500000	-530.375000
80.876730	723.600000	97.750000	-539.625000	-530.500000
80.973234	714.900000	97.500000	-539.875000	-530.750000
81.071629	705.000000	97.312500	-540.000000	-531.000000
81.165694	696.600000	97.125000	-540.125000	-531.250000
81.271085	687.300000	97.000000	-540.250000	-531.375000
81.381341	678.600000	96.937500	-540.250000	-531.500000
81.485194	669.600000	96.750000	-540.500000	-531.625000
81.578874	658.800000	96.625000	-540.625000	-531.750000
81.692404	649.800000	96.437500	-540.750000	-532.000000
81.797846	639.900000	96.125000	-541.000000	-532.375000
81.902835	630.900000	96.000000	-541.125000	-532.500000
82.006587	621.600000	95.937500	-541.250000	-532.500000
82.109245	610.200000	95.750000	-541.375000	-532.750000
82.157767	606.600000	95.687500	-541.500000	-532.750000
82.218201	600.600000	95.500000	-541.625000	-533.000000
82.325079	605.700000	95.625000	-541.500000	-532.875000
82.429655	616.200000	95.750000	-541.375000	-532.750000
82.538754	626.100000	95.875000	-541.250000	-532.625000
82.649356	636.000000	96.000000	-541.125000	-532.500000
82.750645	645.900000	96.125000	-541.000000	-532.375000
82.854855	654.900000	96.312500	-540.875000	-532.125000
82.961215	666.000000	96.562500	-540.625000	-531.875000
83.065379	675.600000	96.625000	-540.500000	-531.875000
83.170815	685.200000	96.875000	-540.375000	-531.500000
83.275709	695.400000	97.062500	-540.125000	-531.375000
83.370615	704.700000	97.125000	-540.125000	-531.250000
83.478169	715.200000	97.375000	-539.875000	-531.000000
83.586035	724.200000	97.375000	-539.875000	-531.000000
83.687833	734.400000	97.687500	-539.625000	-530.625000
83.781162	743.400000	97.750000	-539.500000	-530.625000
83.891694	751.800000	97.937500	-539.375000	-530.375000
84.004999	761.700000	98.062500	-539.250000	-530.250000
84.109115	770.700000	98.250000	-539.000000	-530.125000
84.213826	779.400000	98.312500	-539.000000	-530.000000
84.322215	787.800000	98.562500	-538.750000	-529.750000
84.417962	795.600000	98.562500	-538.750000	-529.750000
84.528034	804.900000	98.687500	-538.625000	-529.625000
84.639193	812.700000	98.875000	-538.500000	-529.375000
84.740231	820.800000	99.000000	-538.375000	-529.250000
84.844248	828.000000	99.125000	-538.250000	-529.125000
84.951235	835.500000	99.187500	-538.250000	-529.000000
85.048030	843.000000	99.312500	-538.125000	-528.875000
85.154637	850.200000	99.562500	-537.875000	-528.625000
85.249609	857.100000	99.562500	-537.875000	-528.625000
85.347379	863.400000	99.687500	-537.750000	-528.500000
85.458734	868.500000	99.875000	-537.625000	-528.250000
85.568031	873.300000	99.875000	-537.625000	-528.250000
85.676078	879.300000	99.875000	-537.625000	-528.250000
85.783826	883.800000	99.937500	-537.625000	-528.125000
85.889047	888.900000	100.187500	-537.375000	-527.875000
85.995134	893.100000	100.187500	-537.375000	-527.875000
86.100896	897.600000	100.250000	-537.375000	-527.750000
86.211419	903.000000	100.250000	-537.375000	-527.750000
86.315802	907.200000	100.375000	-537.250000	-527.625000
86.422223	912.000000	100.562500	-537.125000	-527.375000
86.530023	916.200000	100.562500	-537.125000	-527.375000
86.635897	920.100000	100.687500	-537.000000	-527.250000
86.743950	924.300000	100.625000	-537.125000	-527.250000
86.847354	927.600000	100.750000	-537.000000	-527.125000
86.954474	931.500000	100.875000	-536.875000	-527.000000
87.064942	934.500000	100.812500	-537.000000	-527.000000
87.171350	937.500000	100.937500	-536.875000	-526.875000
87.268617	941.400000	101.000000	-536.875000	-526.750000
87.374615	943.500000	101.062500	-536.750000	-526.750000
87.479222	947.100000	101.062500	-536.750000	-526.750000
87.581706	949.800000	101.125000	-536.750000	-526.625000
87.686041	952.800000	101.187500	-536.750000	-526.500000
87.796626	956.100000	101.187500	-536.750000	-526.500000
87.898155	958.800000	101.250000	-536.625000	-526.500000
87.990862	962.100000	101.437500	-536.500000	-526.250000
88.084828	965.100000	101.437500	-536.500000	-526.250000
88.179027	968.100000	101.375000	-536.625000	-526.250000
88.273689	970.800000	101.562500	-536.500000	-526.000000
88.378917	972.900000	101.500000	-536.500000	-526.125000
88.481507	976.500000	101.562500	-536.500000	-526.000000
88.594141	978.600000	101.562500	-536.500000	-526.000000
88.700624	981.600000	101.812500	-536.250000	-525.750000
88.811590	984.000000	101.812500	-536.250000	-525.750000
88.913936	987.000000	101.812500	-536.375000	-525.625000
89.020805	989.400000	102.000000	-536.125000	-525.500000
89.132335	992.100000	102.000000	-536.125000	-525.500000
89.230846	994.500000	102.062500	-536.125000	-525.375000
89.333319	998.100000	102.187500	-536.000000	-525.250000
89.443883	999.900000	102.187500	-536.000000	-525.250000
89.548996	1002.600000	102.312500	-535.875000	-525.125000
89.655343	1005.000000	102.437500	-535.875000	-524.875000
89.760673	1006.800000	102.437500	-535.750000	-525.000000
89.861159	1009.500000	102.500000	-535.750000	-524.875000
89.959666	1011.900000	102.625000	-535.625000	-524.750000
90.052002	1013.400000	102.750000	-535.500000	-524.625000
90.162785	1015.500000	102.875000	-535.375000	-524.500000
90.277380	1017.000000	102.937500	-535.375000	-524.375000
90.380538	1019.400000	103.125000	-535.125000	-524.250000
90.488643	1020.900000	103.312500	-535.000000	-524.000000
90.595743	1022.700000	103.437500	-534.875000	-523.875000
90.705269	1024.500000	103.562500	-534.750000	-523.750000
90.817701	1026.300000	103.812500	-534.500000	-523.500000
90.930501	1028.100000	103.875000	-534.500000	-523.375000
91.045557	1030.200000	104.062500	-534.250000	-523.250000
91.141987	1032.300000	104.250000	-534.125000	-523.000000
91.239874	1034.400000	104.375000	-534.000000	-522.875000
91.352344	1035.300000	104.625000	-533.750000	-522.625000
91.453959	1038.000000	104.750000	-533.625000	-522.500000
91.554588	1039.500000	105.000000	-533.375000	-522.250000
91.664474	1041.300000	105.187500	-533.125000	-522.125000
91.759571	1043.400000	105.375000	-533.000000	-521.875000
91.863941	1044.600000	105.500000	-532.875000	-521.750000
91.959711	1046.700000	105.687500	-532.625000	-521.625000
92.069952	1048.200000	106.000000	-532.375000	-521.250000
92.175738	1050.000000	106.125000	-532.250000	-521.125000
92.275230	1052.100000	106.375000	-532.000000	-520.875000
92.374066	1053.600000	106.562500	-531.875000	-520.625000
92.478322	1055.400000	106.750000	-531.625000	-520.500000
92.577947	1057.500000	107.062500	-531.375000	-520.125000
92.682178	1059.300000	107.250000	-531.250000	-519.875000
92.777698	1061.100000	107.437500	-531.000000	-519.750000
92.885926	1062.000000	107.687500	-530.750000	-519.500000
92.993252	1063.800000	107.812500	-530.625000	-519.375000
93.108735	1066.200000	108.062500	-530.375000	-519.125000
93.219502	1067.400000	108.312500	-530.125000	-518.875000
93.313606	1070.400000	108.500000	-530.000000	-518.625000
93.422781	1070.700000	108.687500	-529.750000	-518.500000
93.524165	1072.200000	108.875000	-529.625000	-518.250000
93.634485	1074.900000	109.125000	-529.375000	-518.000000
93.728074	1076.700000	109.375000	-529.125000	-517.750000
93.837211	1078.200000	109.437500	-529.000000	-517.750000
93.938284	1079.700000	109.687500	-528.750000	-517.500000
94.035653	1081.800000	109.875000	-528.625000	-517.250000
94.088657	1083.600000	110.000000	-528.500000	-517.125000
94.135197	1083.300000	110.125000	-528.375000	-517.000000
94.243191	1074.900000	110.125000	-528.375000	-517.000000
94.345095	1067.100000	110.000000	-528.500000	-517.125000
94.454577	1060.500000	109.937500	-528.625000	-517.125000
94.569333	1055.100000	109.875000	-528.625000	-517.250000
94.678561	1051.200000	109.875000	-528.625000	-517.250000
94.790176	1046.100000	109.687500	-528.875000	-517.375000
94.899601	1042.200000	109.812500	-528.750000	-517.250000
95.002495	1038.600000	109.625000	-528.875000	-517.500000
95.099528	1035.000000	109.687500	-528.875000	-517.375000
95.198234	1031.400000	109.625000	-528.875000	-517.500000
95.297819	1027.800000	109.562500	-529.000000	-517.500000
95.395971	1024.200000	109.500000	-529.125000	-517.500000
95.502119	1021.200000	109.312500	-529.250000	-517.750000
95.609523	1017.300000	109.437500	-529.125000	-517.625000
95.704834	1014.300000	109.312500	-529.250000	-517.750000
95.805011	1011.000000	109.312500	-529.250000	-517.750000
95.909526	1008.600000	109.250000	-529.250000	-517.875000
96.017117	1005.900000	109.187500	-529.375000	-517.875000
96.125375	1002.600000	109.187500	-529.375000	-517.875000
96.220450	999.900000	109.062500	-529.500000	-518.000000
96.320671	996.900000	109.062500	-529.500000	-518.000000
96.427152	994.500000	109.062500	-529.500000	-518.000000
96.524951	991.500000	108.937500	-529.625000	-518.125000
96.627188	989.100000	109.000000	-529.625000	-518.000000
96.739330	987.000000	108.937500	-529.625000	-518.125000
96.844937	984.300000	108.937500	-529.625000	-518.125000
96.957871	981.600000	108.875000	-529.750000	-518.125000
97.054074	978.900000	108.812500	-529.750000	-518.250000
97.150732	977.100000	108.750000	-529.875000	-518.250000
97.246248	975.000000	108.812500	-529.750000	-518.250000
97.345059	972.600000	108.750000	-529.875000	-518.250000
97.453409	970.800000	108.687500	-529.875000	-518.375000
97.557215	968.100000	108.687500	-529.875000	-518.375000
97.651959	965.700000	108.562500	-530.000000	-518.500000
97.750381	963.300000	108.562500	-530.000000	-518.500000
97.852158	961.800000	108.500000	-530.000000	-518.625000
97.962377	959.100000	108.625000	-530.000000	-518.375000
98.062782	956.700000	108.437500	-530.125000	-518.625000
98.176796	954.000000	108.500000	-530.125000	-518.500000
98.274313	951.300000	108.437500	-530.125000	-518.625000
98.380980	948.900000	108.312500	-530.250000	-518.750000
98.485899	946.200000	108.312500	-530.250000	-518.750000
98.582197	942.900000	108.250000	-530.250000	-518.875000
98.684343	940.800000	108.250000	-530.250000	-518.875000
98.795835	938.400000	108.250000	-530.250000	-518.875000
98.900910	935.400000	108.125000	-530.375000	-519.000000
99.000203	932.400000	108.062500	-530.375000	-519.125000
99.101744	930.000000	108.062500	-530.375000	-519.125000
99.197756	927.000000	108.062500	-530.375000	-519.125000
99.300241	925.200000	107.937500	-530.500000	-519.250000
99.411087	922.800000	108.062500	-530.375000	-519.125000
99.504944	919.200000	107.937500	-530.500000	-519.250000
99.612654	917.400000	108.000000	-530.375000	-519.250000
99.715055	914.100000	107.875000	-530.500000	-519.375000
99.808843	911.700000	107.875000	-530.500000	-519.375000
99.918827	909.000000	107.812500	-530.500000	-519.500000
100.027882	906.300000	107.750000	-530.500000	-519.625000
100.137563	903.900000	107.687500	-530.625000	-519.625000
100.246715	901.200000	107.625000	-530.625000	-519.750000
100.346374	898.500000	107.625000	-530.625000	-519.750000
100.456529	896.700000	107.625000	-530.625000	-519.750000
100.566826	893.400000	107.562500	-530.625000	-519.875000
100.674683	890.700000	107.562500	-530.625000	-519.875000
100.782778	888.300000	107.437500	-530.750000	-520.000000
100.887751	885.300000	107.562500	-530.625000	-519.875000
100.995224	881.400000	107.375000	-530.750000	-520.125000
101.093757	876.900000	107.312500	-530.750000	-520.250000
101.205022	873.600000	107.312500	-530.750000	-520.250000
101.309662	869.700000	107.250000	-530.750000	-520.375000
101.420639	865.500000	107.250000	-530.750000	-520.375000
101.516842	861.600000	107.000000	-531.000000	-520.625000
101.625676	856.800000	107.062500	-530.875000	-520.625000
101.731563	852.900000	106.937500	-531.000000	-520.750000
101.829403	848.700000	106.937500	-531.000000	-520.750000
101.935683	844.500000	106.875000	-531.000000	-520.875000
102.046274	840.000000	106.750000	-531.125000	-521.000000
102.152683	833.100000	106.750000	-531.125000	-521.000000
102.254149	828.000000	106.687500	-531.125000	-521.125000
102.354270	821.700000	106.500000	-531.250000	-521.375000
102.465531	814.800000	106.312500	-531.500000	-521.500000
102.572490	808.500000	106.312500	-531.375000	-521.625000
102.672578	801.000000	106.187500	-531.500000	-521.750000
102.768123	793.500000	105.937500	-531.750000	-522.000000
102.871855	786.900000	105.937500	-531.750000	-522.000000
102.978292	778.800000	105.750000	-531.875000	-522.250000
103.073301	772.200000	105.750000	-531.875000	-522.250000
103.166886	764.100000	105.500000	-532.125000	-522.500000
103.275019	755.700000	105.437500	-532.125000	-522.625000
103.373567	748.200000	105.312500	-532.250000	-522.750000
103.484067	739.800000	105.125000	-532.375000	-523.000000
103.586226	731.700000	105.062500	-532.500000	-523.000000
103.693881	723.300000	104.875000	-532.625000	-523.250000
103.797245	714.000000	104.625000	-532.875000	-523.500000
103.907636	705.600000	104.562500	-532.875000	-523.625000
104.015461	696.300000	104.437500	-533.000000	-523.750000
104.127647	687.600000	104.187500	-533.250000	-524.000000
104.224210	679.200000	104.187500	-533.250000	-524.000000
104.322577	669.000000	104.000000	-533.375000	-524.250000
104.430940	660.000000	103.750000	-533.625000	-524.500000
104.541187	651.000000	103.562500	-533.750000	-524.750000
104.561166	645.900000	103.562500	-533.750000	-524.750000
104.620117	642.000000	103.500000	-533.875000	-524.750000
104.749558	632.400000	103.187500	-534.125000	-525.125000
104.850578	621.600000	103.062500	-534.250000	-525.250000
104.955213	611.700000	102.937500	-534.375000	-525.375000
105.052157	602.100000	102.687500	-534.625000	-525.625000
105.147969	592.200000	102.500000	-534.750000	-525.875000
105.257833	581.400000	102.312500	-535.000000	-526.000000
105.365305	569.700000	102.187500	-535.125000	-526.125000
105.478043	558.900000	101.875000	-535.375000	-526.500000
105.587264	549.300000	101.750000	-535.500000	-526.625000
105.701556	539.400000	101.562500	-535.625000	-526.875000
105.802245	529.200000	101.375000	-535.875000	-527.000000
105.913550	517.500000	101.000000	-536.250000	-527.375000
106.016102	506.700000	101.000000	-536.250000	-527.375000
106.123523	496.200000	100.625000	-536.625000	-527.750000
106.220647	486.300000	100.500000	-536.750000	-527.875000
106.327609	475.800000	100.312500	-536.875000	-528.125000
106.430158	463.500000	99.937500	-537.250000	-528.500000
106.537934	453.000000	99.875000	-537.375000	-528.500000
106.637592	442.800000	99.687500	-537.500000	-528.750000
106.745693	431.400000	99.312500	-537.875000	-529.125000
106.848868	421.200000	99.187500	-538.000000	-529.250000
106.946308	408.600000	98.937500	-538.250000	-529.500000
107.056739	398.100000	98.687500	-538.500000	-529.750000
107.160704	388.200000	98.437500	-538.750000	-530.000000
107.264631	377.100000	98.250000	-539.000000	-530.125000
107.374933	366.300000	98.000000	-539.125000	-530.500000
107.481134	354.900000	97.812500	-539.375000	-530.625000
107.574126	344.700000	97.500000	-539.625000	-531.000000
107.684793	334.500000	97.437500	-539.750000	-531.000000
107.790308	323.100000	97.062500	-540.125000	-531.375000
107.894743	313.500000	96.812500	-540.375000	-531.625000
107.995054	302.100000	96.500000	-540.625000	-532.000000
108.102427	292.200000	96.437500	-540.750000	-532.000000
108.208378	282.300000	96.125000	-541.000000	-532.375000
108.312806	272.100000	95.875000	-541.250000	-532.625000
108.418363	261.600000	95.625000	-541.500000	-532.875000
108.520795	249.300000	95.375000	-541.750000	-533.125000
108.630448	239.400000	95.125000	-542.000000	-533.375000
108.729814	228.900000	94.937500	-542.250000	-533.500000
108.830426	217.800000	94.625000	-542.500000	-533.875000
108.924453	207.600000	94.250000	-542.875000	-534.250000
109.036752	196.200000	94.125000	-543.000000	-534.375000
109.139764	185.400000	93.750000	-543.375000	-534.750000
109.251474	175.500000	93.500000	-543.625000	-535.000000
109.353842	164.700000	93.187500	-544.000000	-535.250000
109.452383	154.800000	93.000000	-544.125000	-535.500000
109.554695	144.000000	92.625000	-544.500000	-535.875000
109.663935	133.500000	92.375000	-544.750000	-536.125000
109.762609	123.000000	92.062500	-545.000000	-536.500000
109.872787	112.500000	91.750000	-545.375000	-536.750000
109.977594	103.200000	91.500000	-545.625000	-537.000000
110.033250	97.500000	91.375000	-545.750000	-537.125000
